1010001101110001100100000001010110110111011110100011010000101110111110000001110011110110011111001010001110110000101011111011000010001110011001110000011010000011010111001100101101000110101000100101001000110010110101001100111001101100111001011011101100100000
1001011000111011010100011111100000100010011101010110100001011100101100100100010100101010110110011100001111000011101010010100111111011001110010010010001101111100100111111101011010011100000111100011110010111111111111001100110001011111110011111010010110010000
1110100010101101100011010010100001110100110110100110101001101010101010011001010001000101111011010001011110110010000110110011100100110010100001000001011100000110010001000110100110000001010101101111111001110110111000111101010101011000101000111101100001001000
1111010010010101100010011100010001001101011110101110110111010111101000001110001110011110110011111111010110010101111101000110010010001000100100111010100100010011101010100101011000100010001010011001000000011101110111001001010001001110101110100110110110101110
0100101000010011011110001001000100000010110100111101011010001101010110100010000001100010101011100001011001100100101001000101011011000010010100000110110000001111011111111100101011001001111010101001100000100011000100101101010011110101111011101010100000010001
0110011011011100111101100001011010110001111000000100001001000111000000011110001001000101000100100100001110111000110111011011111110100110001110100100001001110101011011110011000010100100011000001111011000001001000011010011010111100001101000010101100110001010
0111100010110111001011010100011100001101010110100011100000011110100010111100010110100011001110010001111011110111110100100101001001100000010001110010001101111110010110001001001010110100001110101010100001010110100111111000001111100111110001011011111011011111
0000011001011111111000110010111111111100110111011111101111011110001111010010110010000100111010010001011001001010001100011011100101011000111000111110011101100011010101011001001010001100011011010100100011101100011010011001010111111110101001101111001001000001
0001101011001010000011110011010000100000011100100001110110101001000001110100100011110001001010111111011110011001010101100011111011011111100001010010110011011010011101000110101000011100111000111011100001110101000101101101011001101111000000011011011000010011
0011111101100001001110111000010011110111110101110011011111111010100100000110111111110111000010110101100101001111110011101000111001111110011100010100000100000111001001001000010101100101111110010010010000100010111001110010110011011110111111011010101001001001
1111001100111110100010011010010110101000000111000111101100101010101010101101000001011000110101111100110100001000011000101101111101110010101010100111101100011001110111101100010001010101100001110111101011000101000000101101000000001000100010011110000101010110
0011111000110110111100110011001010001110001000101111100111011001001000011010000101000011011111001011111001100011000001110101001010111011000111001101000100100101100111111001001010011100100111000100010010100101000000100100011101111111011111111101000010101101
0001010011011111110010011100010000101111010101011100000111101101100001010111110111001111011001111110101001111001001000011100001100111011000011010000100000101001000011010011011010010010110010111001101101100101110110111100011000000010000101111001101001101111
0101010101000011100011100111010011110110110111101101100111100011000111111000011111101101110111000100100101010100100001011101110000110100010001101010011110110001000111010011010101100001101101000100000111001101001011000100111010100000010011100101111100101011
1010010110100010110010101101010100010010011111001010000010110001010000100100011011111001100111110111100000000110011110000100100111110110001001100110011101011001000101110011010000101111101011011010110000010010011000111110010100100010101110111001111001011000
1110001010000111001010011011001010110011000010111111000101011101000010110010100110101010110011111010101101010100111100011001110010101011000000010010001011111000110000001010010111110000100001111001110110101111111101000111011011111101000101101111000100000010
0001010000101101101100100000110000011011000110000101000000001001110100110011101111110110101101111111000001101000010011111001000000111111000101010000100010111000100100111111011010100101011011011101000000110110011110011011110101101001000010100100000011110010
0100000001100101010111001001111011100110010100000010010000000100110111101111001101110100111000000001011110110000000100011001110101110001011100001110101101000101111011010110101101000010100000111010011100110000000000100000111000101111011100111000100001010001
0010011010111110001001100000101001101001010001100001100110100100010111001010010010101001001101100001001101011010100110101011101010110000011101100100011101110111111001101001000101011010000111000101001001010100001010001010010001011101011101101001001100100001
0100001110100001110100011011111100010111010101111010011011010000111101111000101101010111100011011111010001100000001110010001001011110010001001101011101010000000110111010101110010000110110110011110001000101100111110011101101101001011110011000110010000110101
0011100001100111100100111111001001001111001011110001110011010111110101001011110010001011101000110100110100100001111100111111000000101100100110010100001010101101110110110001110011110111011011000000110010010011101100101001101010010001011111010001000010111010
0100011101001011110000000100000000111000100101000011111110001010001001000101010010001000000101111000110101010011001011100001011011010011100110011111000011011001010110111101100011010111000010011001011010001010011101010101000101001100010111101111000111111000
0100101000000100110101010000101011011000100001111111000011010010100111001010011001001011100001111010100100110111001011101010110101011100011100010101000101100100011001000110111000110101010011010010100001000010001010100011000100011001100001101110001010000100
0101111110001100011001001010010101010111111100100000110101110110110111001010001010111010111001101011001000110110010001011110111010111000110100111110000100111011001110100110000101000110010001110000111111100010001001000100000010000100010000010110101011011100
0000011011000111000111111100001010001101001101110001101000000001100011010100001100000001100001011000110011101110000101111001110000010010000001001111011101010000011101111110000010111111000101111011101011011011110110110010011100100000101001101110101000110111
1100101010010010111100101011111111101001110011111000000010100101010011110100110000010010000000100100011000111101101111010100100001011100000010101010011101010001010010100100010100101001010110000111110110010101010111111001101111101011100000101110100110110100
1000110101000110101101111101011001100010010001101010010000001101111001001010100110000010011000110000100010011111010011111000010111110100101100011100101111001010001101110001001101110001010101101010011100101110101110111010101111110011000101100110100000001001
0000000111010000010001110010111100011111111100110110111100000011000111000011010100111001010011011100100011000111010111111000011000110010010011101001110010000001000110001110001010001100011010001000101100000000000111101000110110011101111010010011111001100001
0010011011011011011110100010111101001101111001101110011100111011101010010011010000110010111111101000110000101010011100010100001001101011010100011100100111100010010100101111100101100000110111111001100100001010011110010100101001000110011011101001110001110101
0111011110000110101101000001001000000101011010011101110111011001010000101001010001010001101110011010000011001110111101001001111110010010110011101011010110011001100010010010011000100010001010011101101101011001110101000011001100110011001000111011111010000110
0111011010111100110000101110010000011110110111010101111100010001101100110101101011110100000111100100000010100110101010010010111100010101010000111101010000001101110100111101000001100111111010100111110011101001100100111111000101111100100100000110101110001101
0111010100110001110100000110000001000011111100101110000101110010100011111101110011110111100100011010011100110101001100111110100100101111001100111011011100101111011101101010010000111110111100000010100100010001000000000001110010010001100011011101011111111110
