-9.812500 14.416248 -34.950357 8.770312 -5.671796 15.479105 -8.313539 -19.821586 -23.875000 14.647582 11.672296 20.732670 -2.578204 -12.032340 31.591600 13.808009 26.062500 13.808009 31.591600 -12.032340 -2.578204 20.732670 11.672296 14.647582 -23.875000 -19.821586 -8.313539 15.479105 -5.671796 8.770312 -34.950357 14.416248 
-7.812500 2.794431 -31.520246 -27.197672 -16.417708 -3.138092 -19.007084 -50.646040 8.812500 -1.792259 15.983928 -11.060738 24.417708 19.279123 -4.206599 -23.738753 18.687500 -23.738753 -4.206599 19.279123 24.417708 -11.060738 15.983928 -1.792259 8.812500 -50.646040 -19.007084 -3.138092 -16.417708 -27.197672 -31.520246 2.794431 
9.375000 -5.429571 -21.846657 -18.089437 6.036481 20.160994 30.949934 -23.382927 37.875000 19.168861 1.391764 -10.828349 36.088519 10.739025 -26.245042 15.161404 -8.875000 15.161404 -26.245042 10.739025 36.088519 -10.828349 1.391764 19.168861 37.875000 -23.382927 30.949934 20.160994 6.036481 -18.089437 -21.846657 -5.429571 
-54.687500 10.997405 -16.216717 -9.962202 15.886485 2.834094 31.233727 -5.238828 0.312500 -38.709207 24.137669 -4.396499 11.113515 -9.580209 -34.654680 -36.944554 9.062500 -36.944554 -34.654680 -9.580209 11.113515 -4.396499 24.137669 -38.709207 0.312500 -5.238828 31.233727 2.834094 15.886485 -9.962202 -16.216717 10.997405 
6.125000 -20.085113 20.978532 20.985022 -21.970155 -1.206307 4.569786 4.725458 -25.312500 -1.030853 6.603496 10.307842 45.470155 -31.780208 27.848186 -16.415841 -19.500000 -16.415841 27.848186 -31.780208 45.470155 10.307842 6.603496 -1.030853 -25.312500 4.725458 4.569786 -1.206307 -21.970155 20.985022 20.978532 -20.085113 
17.562500 -10.121869 -22.756385 27.426623 -21.858980 26.048247 -12.001792 -10.127605 21.500000 13.672295 -19.373839 -26.508084 -6.391020 -29.610185 -33.367984 -17.279423 -12.062500 -17.279423 -33.367984 -29.610185 -6.391020 -26.508084 -19.373839 13.672295 21.500000 -10.127605 -12.001792 26.048247 -21.858980 27.426623 -22.756385 -10.121869 
4.875000 -23.485291 17.318504 -21.265909 -4.670718 38.148464 -1.212810 -27.074311 20.562500 -2.347872 3.143713 17.546953 5.670718 -21.283431 -28.999407 -17.738603 20.500000 -17.738603 -28.999407 -21.283431 5.670718 17.546953 3.143713 -2.347872 20.562500 -27.074311 -1.212810 38.148464 -4.670718 -21.265909 17.318504 -23.485291 
11.437500 -3.551647 6.954472 -7.093348 8.306442 20.830799 -4.278054 3.537310 9.750000 5.535083 -20.961354 11.373768 -1.681442 32.930411 -1.965065 4.437624 -9.687500 4.437624 -1.965065 32.930411 -1.681442 11.373768 -20.961354 5.535083 9.750000 3.537310 -4.278054 20.830799 8.306442 -7.093348 6.954472 -3.551647 
26.437500 4.745281 -17.198933 -2.599824 -17.222941 -17.697630 42.682567 -15.776043 -9.375000 -11.671188 42.753616 9.725861 10.972941 -1.062291 -18.987250 12.835834 -12.687500 12.835834 -18.987250 -1.062291 10.972941 9.725861 42.753616 -11.671188 -9.375000 -15.776043 42.682567 -17.697630 -17.222941 -2.599824 -17.198933 4.745281 
28.500000 -11.829446 14.618871 10.011562 -1.223573 27.678005 -26.615101 6.745324 -23.937500 19.045965 -3.843345 9.624350 2.223573 16.760200 8.839575 15.464041 -9.625000 15.464041 8.839575 16.760200 2.223573 9.624350 -3.843345 19.045965 -23.937500 6.745324 -26.615101 27.678005 -1.223573 10.011562 14.618871 -11.829446 
-7.125000 -22.008351 3.870925 -2.102704 29.408286 30.222695 6.659674 -20.174683 5.812500 18.069404 9.486772 3.411869 -13.283286 19.961675 12.982628 32.120097 -49.750000 32.120097 12.982628 19.961675 -13.283286 3.411869 9.486772 18.069404 5.812500 -20.174683 6.659674 30.222695 29.408286 -2.102704 3.870925 -22.008351 
-0.437500 9.746279 34.810728 -14.035463 -22.530107 -6.914418 -25.827396 -37.801220 6.000000 0.324856 -7.303962 4.333610 -30.219893 -17.562662 32.820630 -20.590982 23.937500 -20.590982 32.820630 -17.562662 -30.219893 4.333610 -7.303962 0.324856 6.000000 -37.801220 -25.827396 -6.914418 -22.530107 -14.035463 34.810728 9.746279 
0.812500 -19.230521 19.494763 4.698172 -15.993087 26.672657 30.377747 4.712052 -30.312500 9.925184 6.173845 25.681787 9.993087 32.262879 -25.546355 1.277790 60.812500 1.277790 -25.546355 32.262879 9.993087 25.681787 6.173845 9.925184 -30.312500 4.712052 30.377747 26.672657 -15.993087 4.698172 19.494763 -19.230521 
13.000000 22.561371 17.919572 9.527595 8.603907 6.114684 1.538403 36.816262 -10.312500 2.223304 -27.489937 -25.084409 -30.728907 -25.431869 36.031961 12.773062 2.875000 12.773062 36.031961 -25.431869 -30.728907 -25.084409 -27.489937 2.223304 -10.312500 36.816262 1.538403 6.114684 8.603907 9.527595 17.919572 22.561371 
16.000000 -44.298800 4.242462 -11.020759 -16.489092 0.302033 32.784883 37.673053 -14.000000 -18.329457 41.442854 19.264677 26.114092 6.164204 2.279801 17.745048 -7.750000 17.745048 2.279801 6.164204 26.114092 19.264677 41.442854 -18.329457 -14.000000 37.673053 32.784883 0.302033 -16.489092 -11.020759 4.242462 -44.298800 
-49.562500 8.344424 4.213682 0.660720 -7.342830 -3.132275 -22.731241 29.196645 -0.562500 14.332963 4.612077 13.800626 -6.282170 -2.976410 -3.594517 -9.226692 14.937500 -9.226692 -3.594517 -2.976410 -6.282170 13.800626 4.612077 14.332963 -0.562500 29.196645 -22.731241 -3.132275 -7.342830 0.660720 4.213682 8.344424 
16.812500 16.337136 5.908129 -26.842427 15.270369 13.322887 -9.122021 15.105226 -32.187500 11.796443 -26.062562 -2.330295 8.729631 24.439932 -31.723547 -2.828903 -4.437500 -2.828903 -31.723547 24.439932 8.729631 -2.330295 -26.062562 11.796443 -32.187500 15.105226 -9.122021 13.322887 15.270369 -26.842427 5.908129 16.337136 
34.437500 7.820234 14.698488 18.067471 -12.865262 -6.589151 3.634146 -13.637874 -41.000000 2.567250 6.942757 34.908910 1.365262 20.002750 0.474609 26.860409 1.062500 26.860409 0.474609 20.002750 1.365262 34.908910 6.942757 2.567250 -41.000000 -13.637874 3.634146 -6.589151 -12.865262 18.067471 14.698488 7.820234 
30.625000 11.677707 -11.432471 -14.580737 -21.590136 42.641564 -35.845228 13.571856 -13.812500 -22.297482 11.908229 41.462916 -2.409864 1.304314 42.119471 -22.280139 -5.500000 -22.280139 42.119471 1.304314 -2.409864 41.462916 11.908229 -22.297482 -13.812500 13.571856 -35.845228 42.641564 -21.590136 -14.580737 -11.432471 11.677707 
-18.437500 8.125939 28.317211 -12.845126 18.131820 9.380277 33.204755 16.060657 -28.375000 25.766041 -2.936541 13.989372 22.993180 -26.700038 -19.085425 -16.277123 -15.062500 -16.277123 -19.085425 -26.700038 22.993180 13.989372 -2.936541 25.766041 -28.375000 16.060657 33.204755 9.380277 18.131820 -12.845126 28.317211 8.125939 
-24.687500 6.123062 10.443858 -3.802694 31.204636 15.973606 -22.666958 -1.945950 -22.937500 -32.862882 -19.439012 -44.822533 2.920364 8.545020 -6.587888 25.792372 -7.187500 25.792372 -6.587888 8.545020 2.920364 -44.822533 -19.439012 -32.862882 -22.937500 -1.945950 -22.666958 15.973606 31.204636 -3.802694 10.443858 6.123062 
2.187500 27.049250 22.088372 1.172275 -14.707107 -35.468898 10.756858 9.316601 4.187500 -7.747165 -24.638401 -22.733456 -13.292893 21.069031 22.543171 -7.657638 -2.062500 -7.657638 22.543171 21.069031 -13.292893 -22.733456 -24.638401 -7.747165 4.187500 9.316601 10.756858 -35.468898 -14.707107 1.172275 22.088372 27.049250 
11.812500 -28.862247 -4.088749 -5.206983 -13.109835 -4.536407 -2.122137 5.209231 -9.562500 33.353187 -35.140873 -2.640099 -13.640165 -12.008647 -18.148241 -5.808036 -27.187500 -5.808036 -18.148241 -12.008647 -13.640165 -2.640099 -35.140873 33.353187 -9.562500 5.209231 -2.122137 -4.536407 -13.109835 -5.206983 -4.088749 -28.862247 
18.500000 13.171328 -13.214640 4.303267 20.525257 3.455189 2.198666 7.731284 14.000000 -6.107224 -32.485278 -2.959555 -4.400257 1.307700 -17.248748 -29.901991 -11.250000 -29.901991 -17.248748 1.307700 -4.400257 -2.959555 -32.485278 -6.107224 14.000000 7.731284 2.198666 3.455189 20.525257 4.303267 -13.214640 13.171328 
-30.500000 0.974328 -0.109709 13.300764 -1.827888 1.250561 12.832838 -11.036885 1.312500 48.352351 -2.542732 20.755540 7.452888 -0.092399 -27.430397 3.995740 6.125000 3.995740 -27.430397 -0.092399 7.452888 20.755540 -2.542732 48.352351 1.312500 -11.036885 12.832838 1.250561 -1.827888 13.300764 -0.109709 0.974328 
-5.687500 -54.458715 -21.840942 12.183494 2.761262 -17.480157 15.289168 10.484141 5.375000 -1.140498 -1.802362 0.913364 6.738738 11.400695 8.104137 -35.902324 -27.562500 -35.902324 8.104137 11.400695 6.738738 0.913364 -1.802362 -1.140498 5.375000 10.484141 15.289168 -17.480157 2.761262 12.183494 -21.840942 -54.458715 
-21.625000 13.841412 -12.497952 11.189682 10.065325 7.267055 1.295703 2.747584 -3.812500 -41.202063 -16.253442 32.865075 -1.690325 12.083779 -25.794310 27.207476 5.000000 27.207476 -25.794310 12.083779 -1.690325 32.865075 -16.253442 -41.202063 -3.812500 2.747584 1.295703 7.267055 10.065325 11.189682 -12.497952 13.841412 
-0.250000 8.649267 -1.260599 6.917974 19.394291 7.928535 20.448846 7.555089 0.250000 30.575611 -31.645545 21.280857 5.605709 21.804615 -20.542702 4.788052 -9.250000 4.788052 -20.542702 21.804615 5.605709 21.280857 -31.645545 30.575611 0.250000 7.555089 20.448846 7.928535 19.394291 6.917974 -1.260599 8.649267 
57.062500 7.801997 25.797018 -19.617236 -6.288582 -44.258816 26.899703 10.080132 4.562500 18.510493 -22.035557 32.457589 21.288582 17.121629 8.588836 3.404212 8.312500 3.404212 8.588836 17.121629 21.288582 32.457589 -22.035557 18.510493 4.562500 10.080132 26.899703 -44.258816 -6.288582 -19.617236 25.797018 7.801997 
-43.687500 32.424168 -36.004116 -13.887087 3.253048 -9.192210 4.483224 9.667452 -16.187500 -5.443941 -4.619448 14.455005 -17.253048 -40.582445 -19.109660 0.059058 -4.437500 0.059058 -19.109660 -40.582445 -17.253048 14.455005 -4.619448 -5.443941 -16.187500 9.667452 4.483224 -9.192210 3.253048 -13.887087 -36.004116 32.424168 
3.625000 -3.773030 -11.953601 4.952120 15.678432 8.947758 -10.317972 -13.352519 9.125000 8.415800 18.971593 -25.634692 -24.803432 -13.562390 -12.450020 -46.993046 -40.125000 -46.993046 -12.450020 -13.562390 -24.803432 -25.634692 18.971593 8.415800 9.125000 -13.352519 -10.317972 8.947758 15.678432 4.952120 -11.953601 -3.773030 
2.125000 1.030736 0.043677 -19.349680 13.098480 6.344330 18.949166 10.009734 13.750000 22.598274 -48.731467 2.924211 -11.473480 -17.902880 -1.011377 4.845274 3.625000 4.845274 -1.011377 -17.902880 -11.473480 2.924211 -48.731467 22.598274 13.750000 10.009734 18.949166 6.344330 13.098480 -19.349680 0.043677 1.030736 
