0.000000 6.303371 -0.234927 -15.976981 7.535942 -10.676303 25.630339 -1.188754 5.562500 28.983245 -24.373603 12.392641 -33.964058 -14.476579 -5.738869 -55.093173 0.000000 55.093173 5.738869 14.476579 33.964058 -12.392641 24.373603 -28.983245 -5.562500 1.188754 -25.630339 10.676303 -7.535942 15.976981 0.234927 -6.303371 
0.000000 26.630203 21.331790 -20.454347 11.261170 -5.157419 -1.131305 27.938017 -10.750000 -13.546498 8.391850 -21.189316 5.886170 0.050183 -20.895055 -9.317886 0.000000 9.317886 20.895055 -0.050183 -5.886170 21.189316 -8.391850 13.546498 10.750000 -27.938017 1.131305 5.157419 -11.261170 20.454347 -21.331790 -26.630203 
0.000000 -6.629043 6.830467 -5.225193 -22.429509 4.096335 1.767667 -10.395672 19.875000 37.166012 13.411512 -17.395570 -10.804509 -31.970147 -8.525688 25.679592 0.000000 -25.679592 8.525688 31.970147 10.804509 17.395570 -13.411512 -37.166012 -19.875000 10.395672 -1.767667 -4.096335 22.429509 5.225193 -6.830467 6.629043 
0.000000 -9.495763 6.029423 -1.967989 -53.002548 -15.362816 3.412182 13.350713 -3.375000 5.547855 2.974552 -3.890990 -22.127548 -7.460628 -23.408207 6.736913 0.000000 -6.736913 23.408207 7.460628 22.127548 3.890990 -2.974552 -5.547855 3.375000 -13.350713 -3.412182 15.362816 53.002548 1.967989 -6.029423 9.495763 
0.000000 2.171858 11.177867 -2.251447 32.606509 21.937623 -7.667077 16.436557 4.437500 -13.103661 9.252787 12.771305 9.731509 -5.676387 20.597731 24.873018 0.000000 -24.873018 -20.597731 5.676387 -9.731509 -12.771305 -9.252787 13.103661 -4.437500 -16.436557 7.667077 -21.937623 -32.606509 2.251447 -11.177867 -2.171858 
0.000000 -10.888225 11.094464 -12.142776 11.488738 20.813518 3.048609 -4.950245 -5.937500 -2.426706 -8.427158 14.955047 -7.511262 -1.270276 -17.381303 20.866284 0.000000 -20.866284 17.381303 1.270276 7.511262 -14.955047 8.427158 2.426706 5.937500 4.950245 -3.048609 -20.813518 -11.488738 12.142776 -11.094464 10.888225 
0.000000 10.207892 50.805721 -0.086647 3.836325 -3.098113 5.145193 -7.337012 22.437500 -1.466833 36.590815 25.113741 -10.288675 -1.325434 16.001343 0.627430 0.000000 -0.627430 -16.001343 1.325434 10.288675 -25.113741 -36.590815 1.466833 -22.437500 7.337012 -5.145193 3.098113 -3.836325 0.086647 -50.805721 -10.207892 
0.000000 -2.541539 10.242457 15.149120 21.830490 25.175470 -32.976536 7.972499 30.437500 -36.903084 9.213251 19.268358 -9.544510 -32.164846 -16.567757 -17.323976 0.000000 17.323976 16.567757 32.164846 9.544510 -19.268358 -9.213251 36.903084 -30.437500 -7.972499 32.976536 -25.175470 -21.830490 -15.149120 -10.242457 2.541539 
0.000000 -2.752123 6.990243 3.061035 -20.988106 7.263990 0.846495 8.908036 2.687500 23.073180 6.360582 32.254013 -7.738106 -17.384863 9.254330 -5.022901 0.000000 5.022901 -9.254330 17.384863 7.738106 -32.254013 -6.360582 -23.073180 -2.687500 -8.908036 -0.846495 -7.263990 20.988106 -3.061035 -6.990243 2.752123 
0.000000 -6.091390 2.344708 8.660177 32.151112 2.383308 32.069273 11.568269 5.312500 -24.321664 26.037234 -12.253554 -23.223888 23.264693 39.312669 -13.239945 0.000000 13.239945 -39.312669 -23.264693 23.223888 12.253554 -26.037234 24.321664 -5.312500 -11.568269 -32.069273 -2.383308 -32.151112 -8.660177 -2.344708 6.091390 
0.000000 -1.520972 3.996498 -10.650371 6.097495 17.085283 21.563328 25.872136 -24.812500 12.025054 10.119416 -39.946698 4.597495 -7.663692 -13.197415 -36.849394 0.000000 36.849394 13.197415 7.663692 -4.597495 39.946698 -10.119416 -12.025054 24.812500 -25.872136 -21.563328 -17.085283 -6.097495 10.650371 -3.996498 1.520972 
0.000000 17.562127 -35.569015 -10.076506 1.846864 4.230430 4.791212 21.930661 5.187500 19.317071 -5.703584 9.366991 33.596864 -1.357207 -19.063811 -11.968725 0.000000 11.968725 19.063811 1.357207 -33.596864 -9.366991 5.703584 -19.317071 -5.187500 -21.930661 -4.791212 -4.230430 -1.846864 10.076506 35.569015 -17.562127 
0.000000 10.021584 -3.461758 -0.816736 -8.171257 4.607997 1.551806 10.507815 16.875000 11.222002 15.737281 2.287029 1.453743 -5.244305 26.723717 -8.370831 0.000000 8.370831 -26.723717 5.244305 -1.453743 -2.287029 -15.737281 -11.222002 -16.875000 -10.507815 -1.551806 -4.607997 8.171257 0.816736 3.461758 -10.021584 
0.000000 -15.453649 -0.678817 14.564487 -12.218369 -4.222402 19.430722 -35.803525 23.562500 -4.781439 4.133256 -10.794563 14.781631 5.423414 -14.726283 -10.500475 0.000000 10.500475 14.726283 -5.423414 -14.781631 10.794563 -4.133256 4.781439 -23.562500 35.803525 -19.430722 4.222402 12.218369 -14.564487 0.678817 15.453649 
0.000000 -9.014575 2.132293 -16.746712 -11.514849 16.221111 -11.587731 22.621980 -2.375000 -6.325980 1.265376 10.380899 -1.389849 14.121969 -27.514600 -3.253642 0.000000 3.253642 27.514600 -14.121969 1.389849 -10.380899 -1.265376 6.325980 2.375000 -22.621980 11.587731 -16.221111 11.514849 16.746712 -2.132293 9.014575 
0.000000 14.749701 -15.183750 -42.187918 -8.796573 26.157882 -6.555065 11.492881 -21.750000 -5.703659 -2.418765 -3.895924 14.453427 23.154353 27.702551 -14.050762 0.000000 14.050762 -27.702551 -23.154353 -14.453427 3.895924 2.418765 5.703659 21.750000 -11.492881 6.555065 -26.157882 8.796573 42.187918 15.183750 -14.749701 
0.000000 5.668168 -21.295704 -7.064458 -1.585471 -2.060047 -1.807174 14.969873 -11.000000 -0.784329 21.185913 5.572603 -7.960471 -38.220390 -18.302616 1.125384 0.000000 -1.125384 18.302616 38.220390 7.960471 -5.572603 -21.185913 0.784329 11.000000 -14.969873 1.807174 2.060047 1.585471 7.064458 21.295704 -5.668168 
0.000000 -0.102959 16.620743 -18.749299 11.303524 7.653019 48.306195 -4.477711 -6.812500 12.837344 17.763040 -7.718319 8.053524 35.782799 -11.172412 22.615532 0.000000 -22.615532 11.172412 -35.782799 -8.053524 7.718319 -17.763040 -12.837344 6.812500 4.477711 -48.306195 -7.653019 -11.303524 18.749299 -16.620743 0.102959 
0.000000 -16.001473 11.818074 -2.537468 -3.312277 -18.459956 -15.380406 15.115326 22.312500 12.949381 22.199992 24.532398 12.062723 3.914148 7.648471 5.291844 0.000000 -5.291844 -7.648471 -3.914148 -12.062723 -24.532398 -22.199992 -12.949381 -22.312500 -15.115326 15.380406 18.459956 3.312277 2.537468 -11.818074 16.001473 
0.000000 -1.063026 -18.220339 1.231518 -22.902189 -1.345864 -0.253226 2.285852 9.812500 18.287996 -18.724866 -11.219645 21.222811 -8.240612 -26.441979 19.840768 0.000000 -19.840768 26.441979 8.240612 -21.222811 11.219645 18.724866 -18.287996 -9.812500 -2.285852 0.253226 1.345864 22.902189 -1.231518 18.220339 1.063026 
0.000000 3.406696 26.984357 20.040061 -34.463835 -13.716761 1.121899 13.244220 18.250000 -10.868824 5.063394 1.507372 16.786165 -15.774387 6.425853 2.755069 0.000000 -2.755069 -6.425853 15.774387 -16.786165 -1.507372 -5.063394 10.868824 -18.250000 -13.244220 -1.121899 13.716761 34.463835 -20.040061 -26.984357 -3.406696 
0.000000 0.586934 -10.660671 -8.240608 -18.415422 28.010994 -6.743877 28.506318 5.875000 -6.854705 11.577006 34.987432 -7.040422 -40.969122 27.410212 -10.979041 0.000000 10.979041 -27.410212 40.969122 7.040422 -34.987432 -11.577006 6.854705 -5.875000 -28.506318 6.743877 -28.010994 18.415422 8.240608 10.660671 -0.586934 
0.000000 -65.757336 28.471854 6.483423 19.968277 16.423989 10.565181 13.110568 -6.500000 16.194461 15.902676 -17.547268 -1.406723 -12.275894 -11.690651 14.038498 0.000000 -14.038498 11.690651 12.275894 1.406723 17.547268 -15.902676 -16.194461 6.500000 -13.110568 -10.565181 -16.423989 -19.968277 -6.483423 -28.471854 65.757336 
0.000000 -22.625930 17.234887 5.944109 -37.685345 22.878627 -12.385785 -6.983158 -21.750000 1.811009 -14.683435 -3.111012 23.189655 34.130877 32.437236 16.844643 0.000000 -16.844643 -32.437236 -34.130877 -23.189655 3.111012 14.683435 -1.811009 21.750000 6.983158 12.385785 -22.878627 37.685345 -5.944109 -17.234887 22.625930 
0.000000 -14.231592 20.968815 -26.247914 1.355932 22.136843 2.012812 26.370605 -11.812500 -25.833266 10.520171 5.883018 -6.394068 5.738377 3.976174 -7.195348 0.000000 7.195348 -3.976174 -5.738377 6.394068 -5.883018 -10.520171 25.833266 11.812500 -26.370605 -2.012812 -22.136843 -1.355932 26.247914 -20.968815 14.231592 
0.000000 -26.506293 -8.360869 24.230761 9.164883 -11.622131 -10.774025 -5.250026 31.812500 -42.137219 2.186761 2.323982 19.914883 1.028272 -24.150083 -11.042089 0.000000 11.042089 24.150083 -1.028272 -19.914883 -2.323982 -2.186761 42.137219 -31.812500 5.250026 10.774025 11.622131 -9.164883 -24.230761 8.360869 26.506293 
0.000000 -10.998396 10.780752 19.847344 -44.526057 -20.312540 0.176032 -14.745469 1.312500 1.488349 -30.898084 -1.250477 -36.526057 -13.988825 7.206636 -11.162810 0.000000 11.162810 -7.206636 13.988825 36.526057 1.250477 30.898084 -1.488349 -1.312500 14.745469 -0.176032 20.312540 44.526057 -19.847344 -10.780752 10.998396 
0.000000 41.883498 2.895321 5.219864 11.460786 -20.789900 -0.274881 -25.104384 -21.750000 -5.809526 -6.762318 46.011306 -14.289214 -17.929201 6.907884 21.728086 0.000000 -21.728086 -6.907884 17.929201 14.289214 -46.011306 6.762318 5.809526 21.750000 25.104384 0.274881 20.789900 -11.460786 -5.219864 -2.895321 -41.883498 
0.000000 -6.269003 2.822734 -8.017732 -0.989277 2.801887 14.743185 -0.978721 -15.875000 16.850903 25.811019 13.970690 0.635723 25.974294 27.640569 -11.616156 0.000000 11.616156 -27.640569 -25.974294 -0.635723 -13.970690 -25.811019 -16.850903 15.875000 0.978721 -14.743185 -2.801887 0.989277 8.017732 -2.822734 6.269003 
0.000000 -2.970247 -17.318034 1.023146 -12.778044 -12.092922 13.721644 27.052820 4.500000 39.487637 5.154703 9.731220 27.096956 3.024064 -9.634976 29.641347 0.000000 -29.641347 9.634976 -3.024064 -27.096956 -9.731220 -5.154703 -39.487637 -4.500000 -27.052820 -13.721644 12.092922 12.778044 -1.023146 17.318034 2.970247 
0.000000 -0.577223 -4.018899 -6.990435 2.845617 -31.070236 24.215900 8.586724 23.000000 4.669578 15.958095 -16.514620 -41.029383 16.608075 -4.776704 -14.951476 0.000000 14.951476 4.776704 -16.608075 41.029383 16.514620 -15.958095 -4.669578 -23.000000 -8.586724 -24.215900 31.070236 -2.845617 6.990435 4.018899 0.577223 
0.000000 -5.090180 39.350110 17.495260 12.734073 25.182820 -2.500158 9.682705 10.375000 7.149949 19.120716 -16.996746 -18.390927 23.725597 4.470984 -24.213033 0.000000 24.213033 -4.470984 -23.725597 18.390927 16.996746 -19.120716 -7.149949 -10.375000 -9.682705 2.500158 -25.182820 -12.734073 -17.495260 -39.350110 5.090180 
